49873625
83524976
58674392
43925687
42678593
54683927
46735829
83946257
45968723
25379468
45378692
46593278
89456723
57269438
26483975
49732856
89352674
93845627
29368754
79835642
45268937
59387264
79638542
89526473
82347596
35847926
79825643
87346925
43925678
24895763
36984275
82475369
35846792
36489275
45628379
69387245
25698374
35467928
85294376
57926483
86732945
68492753
52796834
57829463
57862493
46975382
65483972
73968254
79485236
87324569
63295487
95762843
39725486
35426978
56329874
64235789
48953627
38275946
57964283
23984576
87236594
42386579
98632574
74652893
97824536
27853694
23697854
56847392
63728495
73462895
45738296
86259437
34675829
56724938
89425637
29465837
39542687
58746923
49378256
43789652
63574829
57486293
56847293
68475293
69823754
35469782
78429653
34652978
43896572
25746389
95387246
87634295
54793286
48375269
59386274
62943875
36587429
27695483
53742986
23578694
42876395
36827954
86324957
95748632
26734589
37549682
65372948
83726594
96857432
28463957
54628397
76498532
65482973
25347896
73682594
64827359
47682935
29854673
37824569
76235984
84379265
59762438
94273586
38294576
86953472
23458967
82543697
97265843
84362579
57384296
95284736
83652497
23896574
49267853
56394287
35629874
67538942
26378459
25746839
27538649
23467589
45897362
35689427
47396285
79532684
29837654
69487523
49732658
86759432
25836479
72389456
92548673
84297635
95764238
36782945
38479256
83576429
97834562
34759268
28546973
97328564
23764958
63749852
84925637
58926743
34297685
86923574
69374258
64528379
74826953
98435726
67239485
73548296
29748356
78935264
75643982
65798243
28469735
32897645
58394267
84793652
25493768
23547986
62738495
24657389
27953468
26798543
35729684
28967354
98527364
78352694
36789425
58427693
89637254
56248397
25478936
43675829
57498632
53482796
25798463
65392478
26583749
47869532
75423896
95473826
62349785
95874362
72856439
74938265
46385927
43965872
74926853
23685794
98376245
78943256
69378245
23946875
98253746
67952483
95732486
76983542
78395264
25896743
34526987
54976238
59283467
34582967
58739426
28364795
94728365
24953687
52846397
84965732
62485739
78546923
73524986
87532694
47259386
52978643
23687549
35782496
79365284
38745692
73295684
35986724
97536428
87439265
58943762
52387469
43972685
86493275
93628574
42587693
42985376
36754829
23689754
74239658
49578623
68547392
73256894
95847236
89475236
65374982
42967538
89652743
73954268
23954687
48539276
46325789
69358472
76953284
59387462
98235476
64529738
75629438
75946238
45896273
26485397
58796234
37469258
98372654
73865294
98352647
56249783
58429763
39745628
83692475
84736259
63587942
49273658
59284673
32798564
87934625
26593487
87249653
23576498
73625489
59683247
46897235
76824953
93276548
89364257
65382974
27639458
83729546
26934578
38695274
86527934
57284639
32478659
26895743
64359287
36479825
56732849
36897524
96287354
53864927
87562439
78964523
95784326
47325689
67348529
25483697
43698527
76485932
23695748
49653287
47635982
36529748
26759348
24975368
69527834
69237854
45376829
72346985
78469523
72346598
95672843
43678259
76395248
79562438
54978326
52397846
24593867
57439826
65497328
65249783
53687429
84623579
58937264
48697253
84753692
28365749
48523697
56437928
64798352
35248697
62759843
38769524
94765283
96853274
82635479
32768945
32976854
34678925
69725834
43592768
32475986
42568793
47563982
97654238
78645932
96785342
95438726
48732569
73892564
72846935
85349672
97243685
27895364
57493286
74369825
34728695
96734528
35672498
59647832
25368497
96435872
64598732
26895734
27589346
32974685
58497632
27834569
37624985
62394578
87352946
28957463
92567834
95234786
84932756
97438256
36857924
39582746
56329748
59874623
58274963
43975286
98673254
76234589
45873269
74932568
72649358
63248579
87362495
87639425
27435968
62738459
24763958
39258674
28356974
23859476
86354927
87692354
34592786
43879562
85237946
49253876
32958476
36857429
72534896
57928346
27594836
59327864
46582739
27659348
24589637
24978635
94256873
35682497
54967283
39578642
53974862
53764928
94682753
32496578
76395842
39842765
52374968
53872649
29765834
65873294
68745293
97854632
43759268
46597382
59826734
65824937
73942865
38457962
37542986
73842569
25836947
72684953
83547926
76248593
67359428
38769452
97382645
94863527
76253984
47392658
35628947
92843675
64923587
94538627
37526948
65983247
76982435
57862439
95762483
56743892
42695783
47526839
79543268
89273645
23759468
87935642
95723468
93645728
58937624
73984625
73948265
98723564
35927648
93847256
79346285
43679258
24576398
27893564
65834927
65389274
45763289
75634289
23968547
98574263
52489637
67843529
82637945
82537694
27956483
95764382
62754389
67985324
65438792
59673248
92768345
34689527
67932584
27546389
34762589
39486275
54296783
87546239
79538246
92378456
94682357
84975263
96725843
26579438
79264358
28753694
67982534
74856239
32958674
84523976
39642875
56497832
68942573
35864297
56723948
78423569
37295864
56849372
92387456
86524739
92736485
49267835
32597684
35869472
64785239
24796835
96527483
85243679
72485369
57329648
93648725
53926487
67492538
38457926
46372598
68295473
32685974
58672349
98465237
75863429
84659732
79856243
74693582
94357682
58267349
63458297
63897542
85469732
56893427
36287594
26394857
82973546
59247368
86975324
53749268
62984375
83472569
25783469
75238649
39782456
62957483
28576934
53426978
46259378
49753628
87294536
98274536
26378495
75423869
85294673
45236789
97384526
29748365
26794358
84932567
92473568
92745683
75832469
45978623
87934652
65732489
98435627
32754689
68592347
25369487
48367259
24356798
37692854
57863249
94738526
37965248
84753962
26789435
65342987
57496382
97384625
59436872
36492875
76948235
74869532
98352674
73894526
54693728
52784963
45697328
83726549
27865439
79862345
79685243
46273598
56234897
96432758
24586739
25896437
78943265
79854632
27643985
67389425
74938562
62783594
35492687
69538472
92843576
75894623
78634259
46835729
43265879
83467529
79645283
57463298
39584276
87492365
82354976
47396852
39874256
47362598
38654279
82735496
62584937
53479268
35647829
27593846
72436598
46325798
98267435
24869357
78524963
97235684
25437968
47293586
96825473
57298463
58763492
29673485
47823956
47385926
95346872
25768493
26438579
72498365
39284576
26594378
63987425
93527486
63245879
73684592
96843527
47326859
36874925
29587643
37648529
49753268
39256874
84956723
27834659
23689547
72956438
86293547
52938476
68739425
83759624
57643892
75294836
59823746
69785342
84927563
23847965
49532768
75392486
39487625
37542869
64278935
68523749
78245963
36547928
76985342
97623845
39752684
84739265
86954327
34652879
78254369
42976583
72439685
64392875
63295784
52974638
93854762
34876259
82654397
89476352
65893724
95476328
56249378
52869743
48529763
93457268
52746938
29483756
82593467
65473928
42367589
28536794
94785326
36784925
93247658
54892367
86237495
25684379
97463852
63584927
39542876
32674589
95672834
25683479
32476589
65482739
64327589
85736249
76835294
75689324
34572896
85379246
24867953
24896375
96427358
39472856
74392658
97263584
28943765
47653892
69527843
69824753
34286795
28794365
96834572
32785964
87549632
27854639
34798625
47896532
72598634
93782645
84927635
29478653
78256394
92847635
34697258
49723568
47926385
76934582
85736942
24593786
97268543
68935472
96452837
78596423
42576983
73952684
63274958
28395764
72345896
43852697
47289635
86549273
28495367
32457689
68354792
94687235
24568739
64387592
32859764
32985746
36245798
89326547
39852764
39268745
46932587
94357826
78693542
97638425
75863294
24583679
89476235
92468753
84529367
34957286
76248359
73642598
68273945
92345768
86794532
46857329
63249758
35278496
64578392
82937645
28359764
63849257
94378652
95724638
38276495
96285347
93768245
64725398
62783945
34786295
45627839
43685792
63524879
75463298
52963487
97248365
74628593
87463529
45632897
43569278
38257469
93428657
63948572
82354967
74832596
94758263
56827943
27345698
84653729
37849562
52984376
76492853
79324568
38957642
73649852
89563742
84576923
75694823
32574689
72984563
37926845
26837945
76283954
89457263
57429386
98456723
69784352
92735684
65387294
62759384
42398567
58927634
68573294
69348572
67283549
32567984
36872459
39782645
42967853
92653784
36957842
36945827
65837429
74932685
95274683
49657823
82795463
75369428
52478396
92345687
46758932
74853296
72385469
49735286
27368954
73296584
98246753
93528467
53684792
49567823
92437658
97682345
35862479
35287946
76943258
86479235
75392846
35489267
87642953
32645897
79563824
87369425
78354629
26753948
89275346
79532468
92475683
89573426
56348297
95287463
48275369
73469258
39768542
79625348
72953864
89357624
28734956
86975243
35289467
27364895
39652784
39257648
24598763
28634579
28536749
96234758
82653749
59248637
48259367
27853469
37459286
75293486
49678352
73524896
93472856
92654873
85943762
76852934
68397452
85427639
56429837
85249367
93564827
32674985
28679534
54278693
43579268
57846239
69245387
89234657
94827653
32489657
24983576
28649537
75629834
65398247
37498562
76485329
63548927
37924685
59827634
48975263
96582374
49523678
92578634
82756349
39652487
48723569
96348257
38479265
67538924
43879265
74639825
97358462
79684235
69325847
96374825
65932784
68357249
42987365
24936758
28759463
56792438
53964872
48975362
24786395
39678425
43762895
34789256
39562784
68594723
84537269
87936542
93258467
59467382
85937264
65384279
28593476
37584629
43297568
46982735
53694728
82367954
75948263
57248396
69384572
68497325
25468937
37489652
48563927
34726985
65487392
79643582
62745389
84572639
75863942
74659823
64823795
47598326
38549267
37642985
87634529
28935674
58347269
37296845
28594376
85726493
34682759
85367924
28364759
26437958
72654389
53967824
65437982
86974523
65879423
87943625
38275469
53674928
34578296
39578264
65923784
58367429
27986435
23845679
48537692
27936845
39567248
95683247
46827935
28379564
89374256
86357429
35472896
68524739
49752638
94783625
32879456
37865429
53246879
46897523
67493852
89634752
95247638
96452738
47359682
42985367
37485692
85796432
63842975
53984267
42379685
69742358
83247569
54738296
37628594
62438759
75346982
79534268
68247539
29654387
45793628
76428593
64592378
46829357
52368974
52843796
65743829
83672954
84296375
32845796
36954728
75843296
64895327
37248965
95826473
67483952
98475236
92385764
93426785
82973645
49352678
49283657
94765238
64385297
97628354
85743269
34729856
87462395
75396824
57689432
64238597
69834725
82734956
53624897
75893246
83952647
96257843
98435267
57294836
27653489
78396524
92683754
49538267
97823456
49587632
78943625
26547983
49237568
58763429
53879624
37245869
94786532
24857693
34867529
86245973
92856437
45637982
56237984
28975346
76583249
52643798
78654392
37824659
28349657
35749628
98567234
26983745
23468957
32589764
65728349
25439687
54869732
84692357
65843297
76239845
42795683
86475239
65427938
76948325
95367842
27645893
23768954
47935286
97362485
78956432
34286759
47386952
59872634
82349576
79436258
65872943
74862359
46589723
67928453
52674983
26783549
89253746
96435827
26974358
48763529
49253768
86279453
73654982
38925746
38975246
54287396
26457893
76592438
76548923
45798326
34576982
93458627
97832456
35849267
62987453
37942865
58936274
39278564
26895437
46378529
24857963
85467239
26759843
89563724
79624538
36894752
78465932
79238645
84952376
52863974
27846359
93876452
34985267
48723965
34687952
43568792
46527839
28436579
84723659
34658792
79843562
98645723
46387925
37468925
85764293
69285437
93842576
52694378
74236985
68547239
49538672
37582946
53472968
27935846
89456327
54367298
57293846
35972846
28739564
97384562
92587463
85264937
47389526
37546829
74395286
72496583
28795643
83625947
28573469
94523687
24839675
52639487
36825947
57284963
32856479
95427368
65347829
78649352
53782469
89245763
37598462
79682345
53468972
84972653
78629534
48579632
93425768
25947683
48957362
73849526
45923786
84957623
65283749
36472895
39578426
78295643
86524973
95384726
94572386
67239458
52468739
49687235
26439587
76259834
53962748
95762438
68954723
29786453
93752648
48639527
27839465
25376498
72536489
35294678
76984325
89537246
67392854
74962835
76493825
37429658
94867352
27495368
58976423
26375498
89753426
57694283
62475893
45892637
62348759
46327589
36498725
63947825
26879354
46893257
43578962
42856793
82439765
76983245
68793524
96328547
29746583
23497658
43865297
82764953
62849375
68943725
64952873
94637582
43259768
24395687
36875294
57248963
94238576
84973625
76985234
42835769
73264859
26495783
95687234
25789463
29584763
75869342
75986324
48673295
23948576
65783924
27563894
46983527
47263589
25478396
68392457
24837596
24857639
57649328
79854326
37495862
37594286
43265978
82395674
45396872
48726539
46593827
56793428
23765849
27385649
83295467
86357942
63798452
86435297
42573986
68354729
45862973
42738956
25749368
45963278
34569278
73965248
38796524
45239687
84569273
75286943
29485376
36784952
47936258
46982537
58243769
79465238
72946385
56824793
95867423
72563498
49528736
64239857
86329547
34726598
46259387
64387295
64785923
75846239
42973568
62437985
47659832
38945672
56738942
49836275
86395724
24968375
89643527
49536728
25437698
95648237
25986437
35647298
37569428
74925683
98436257
54869237
45279863
26735849
47853692
45237986
37592648
39248756
34628597
94657382
97468532
85462739
42659783
49258637
83597246
53849627
58697423
34975628
37942658
46783259
42358976
83756492
47865923
83572496
42679583
49283756
82746593
25987346
58926374
94785632
27598634
94527683
47865329
82456739
38547269
69754382
78295634
64879235
26379845
87256349
39872654
86439572
78256439
96345278
27369548
98365274
85723946
58967432
85249376
93657482
87359462
89546273
29637584
48396572
43867952
86537492
34659278
32765849
64893527
78549326
89526734
35967824
68947253
53274986
49578632
59324867
32487965
76238549
29387546
29375864
37985246
38924675
85376429
78625934
83976542
59628437
74652839
84962537
46238957
43792568
27365894
79245836
36974258
48637529
43569782
32578469
27856934
68973452
56387429
87365924
45689273
97634582
28673495
56347892
28976345
65298734
58963247
85634279
72593684
37659824
29835467
54893267
76935482
27549683
48657239
25387496
64529378
82396745
53948672
38976524
37628495
45967832
35928647
25398746
96457382
78346925
23849765
89257643
38469257
89547236
62375489
67523894
28654739
94528736
68497352
32784659
25439768
54379682
86754293
85634927
23974586
65374829
62375948
43695827
67395824
46283759
54793628
82574639
53872694
87654932
97836524
89275436
49765283
83625497
82395764
47526938
37682954
24683597
36725849
37895264
76953248
57826349
64957382
62549783
87392645
97843625
72459683
64395278
63978425
84357269
85627943
65948237
53627498
64379582
37589462
65973482
52493876
38752946
49357862
59328674
96358427
97624538
73496528
42697538
98475263
34276859
36785492
23764589
74239865
34697852
95683724
98327564
78563942
86495273
37652984
34895762
92874365
65473982
65284793
79538642
87354269
94352786
47839265
39265847
27543896
57643298
89437265
85294736
58392476
46238759
48726359
83952467
85726439
86975234
73854692
86357249
98735642
26578493
23497586
67482953
34852679
76952483
46935827
82574936
68493257
35872469
63824597
25467398
45879263
45398627
25968473
42369785
59624837
43896275
64593872
54987623
43796852
35967482
86325749
37564298
23648597
46389257
68427395
84269573
83659247
79234586
82965374
69478253
23754689
42759683
72458963
45673298
47238695
52764398
92463578
92748365
48726953
52798634
89625437
73849625
27385964
34795286
27984536
82736549
68734259
64238759
24685379
53246789
63792584
95782436
38765249
39485276
65427983
25673849
54279386
23579468
85437926
47395286
49287635
54329786
28479356
62345987
46935287
63524978
67823495
27469835
29836754
24567893
63759284
95467238
29685473
65827943
82546397
84695273
85234679
37542698
96358472
27983645
69752843
92874563
48976325
72895634
84697523
63972458
28564379
45327698
96347852
73549628
83549726
67842953
95623784
36598427
95627483
75639824
37489256
57823946
34678529
32895746
48237956
79542683
78439625
78695342
54973862
38769254
45893276
38259647
94736258
53429768
56473829
45983726
93265487
42379658
62879534
57263948
36297458
43296758
79268453
94367258
82759634
94672385
27468953
47563298
95726834
83562749
68743295
27896354
63852479
23845697
59836742
78352496
73596482
62937485
45839627
26937458
28974356
87469325
54698372
83765924
75248396
96527843
59324786
48925763
32846597
47296835
87924563
29754863
29435768
85923647
57384926
32469758
62973458
32845967
56973482
56782493
97526384
58632497
82945763
64835972
38492765
34952687
76459238
67239854
83927465
49825736
97325864
95248736
35879642
32497856
93768542
72583694
69783542
46379852
29836475
37856249
82397654
79468523
69357248
52947386
78564329
42839567
49528376
25396784
95463278
94563287
52784396
95843726
78963425
97324586
87293546
76254839
45987362
85476293
97432865
62873594
83479652
76953842
36587492
35429876
45782369
27396548
43658729
74265893
83967425
23948657
46298735
67283954
42376859
24635879
84793562
32945768
26937584
79834625
25748369
24879356
94632758
52967438
52987346
47896352
63589742
63475289
37684295
96527438
37254986
26783945
54239687
86572943
85236479
86754329
56897342
76452938
95462387
26473598
65379482
27568943
29674385
65983724
72394568
34825697
83465927
58932476
62597483
49286753
92687345
39758264
38756429
35796482
78326549
32576984
72638459
92654738
58436792
87356249
46839257
78295364
78492563
65287493
42356798
87425693
96832754
32569784
46578239
38795462
47359628
56478932
48726395
57236498
49732685
95378246
37954682
57296438
78469235
29578643
69348527
52346987
34926758
95763842
32974865
28574639
52386947
96325784
97583642
34265987
67349852
97653482
68432795
48975623
58924763
39874562
52963784
59347628
95826743
72945368
82394756
74682953
86943527
65234978
79482365
29364587
89364275
36285947
38496257
63482759
84529736
23896457
92587346
97426538
72649835
67289453
28693745
84327659
93562874
97425863
67435982
49768352
78549263
96258743
67523489
42965783
98265374
69327458
67259384
62743985
62758349
39862547
34798265
58924367
29735684
96387524
27358694
78294536
57238964
58364279
63984572
26459738
34756289
94256378
36284975
56827439
26374859
84762953
49372658
83497265
69543872
53497268
64572983
72685349
47853926
82936475
64975832
93745682
37654982
93286457
29584367
75389462
67489352
48536792
48295367
24869375
62938547
86974235
38792456
82563974
56794328
93472658
98374265
59623487
73294586
94278536
79425368
95486723
34289765
76235948
47352968
83956742
25948367
32869457
65987243
48967325
73645829
62974583
83496275
95427683
96278354
82967543
64978352
72948653
65872493
46738952
84537926
69728345
39526748
65783249
85642397
26587439
47532896
98634572
69837524
48523769
39724856
32758694
63945287
26498375
23748965
48793256
97485326
37294856
78523964
67258493
62439587
53789624
59647238
93874265
69853472
64723589
49375826
84526937
89532647
74638529
82734569
37945268
49783625
78426359
29534786
32694875
79538426
68392547
79864235
93428567
53679248
32687594
68529743
54978362
49783256
65873924
72985463
64592783
45389726
62583497
46235789
93547268
67839524
76852439
34678592
63475982
54279368
56492783
43265798
28765439
25436987
58794362
96487523
76239458
69582347
58736294
62945783
85237964
58973462
23984765
95632487
67428395
48259673
68245937
67895342
78965324
43952768
28357496
74956382
34958627
89635472
78529643
98372546
47528639
87564932
79425683
83459627
65429387
59634287
79248653
73985246
97382564
92534876
78945632
79824563
57283496
93675284
59472836
54932786
34729586
56837492
68394275
25483796
85643297
74983265
78634295
83692745
49273856
98746352
48693257
76543829
98453276
78362945
69248375
63472895
43682759
38659247
32649578
45839276
29873645
79436852
87234569
53298647
39742568
75482396
28437965
34782695
54328976
24835967
29836574
38569247
29483657
45829367
69748523
58649732
72948536
72496358
52874936
54329867
23684759
42856739
47258639
56984723
57389246
52867493
73245689
74389562
83654729
95746328
93268754
72693458
35892746
72549683
79364582
32694857
94825763
47963582
65482379
57693482
87436592
84593267
94836527
63452987
62537984
25369748
79385624
67342985
96237845
28743965
24865397
76583492
92657843
25469387
79382465
25437986
64829753
98632475
35628479
43876952
84762593
54278639
32758946
53274689
28596473
25836749
93248765
24985637
93268475
49328675
28479635
84936275
29753468
23749658
29584673
72945638
76293845
62397458
74829356
36879452
78524936
58749623
52347869
27648539
76893524
32984765
34926587
35278649
39684257
57496238
49758623
43287596
87964235
48263957
24763895
35842796
26354879
78593462
78523946
75469328
65248379
35948762
86342975
27869534
62975384
72349586
65439872
96543278
83647259
32875964
54396287
89267354
43829675
24375968
29563487
69873425
32965487
87342596
45982673
26753849
42657839
46587293
53692847
45982763
45823967
93245768
84356972
93724685
58764329
42839576
85964273
42657983
25986473
98243576
65374298
34782965
47593286
59678342
49326587
89347562
52769438
84629357
57436982
43956827
59684273
47623958
24698357
74325869
35284796
43576892
67254983
26945387
92643578
32849765
65439782
86493257
97283654
96538427
34529876
57346892
68795324
37854962
92467835
65734928
78536924
98243675
68395427
95684723
46738259
46592387
96842735
72859643
38672549
47985236
35647289
25784963
75428639
85394762
54287963
89524736
29346758
37896542
95673284
73462985
58426379
25986347
48923657
84923657
57938426
68325794
86934527
74865392
34689257
57893462
73284695
57684239
85927634
58974632
83625794
97523846
92743568
86732594
29354687
24387596
59378246
83745629
24365978
93674258
84369572
36572489
27586943
58367492
48753629
36278945
57964328
48952673
27458639
74526839
26453789
35874962
27863945
92375486
93624587
57684293
49628375
35649872
96583427
85276349
29854736
27854396
56729843
98273645
98742653
87423695
54962873
62583479
26987453
49376528
58943627
85943276
57283964
47936852
79352864
57928364
76945832
63724859
96874523
98463572
37458926
26487539
85697324
62957438
35786492
96785234
72968543
52987463
47982365
94625837
53428967
28369754
57384962
84372695
25864937
65792438
46859372
76832495
68594237
34829675
39486572
65934278
84569732
83926475
89563472
49723586
74685329
84796532
35869724
23456987
45376289
76534982
53478629
24853697
75462938
98624357
83254769
43692857
49253867
63594827
92578346
59468372
94287365
68352794
89437256
58769324
86754392
76298345
29358746
84623759
78394562
42689753
36289457
85749632
27986534
76438529
97846352
28567934
63529487
39458672
93856274
69247358
98742536
73852496
74396258
26394587
35492678
57493682
76943528
87364295
93726485
56437298
45829673
42789635
27349658
49583276
24597638
47832569
32456897
48562793
83529674
53869724
57824396
27865934
74938526
45792836
42957836
34982756
57894263
37895462
89756243
84935276
95634278
46387529
47689532
62385974
39657248
46278953
37582496
29637854
97836542
23658749
32789654
68235947
39862475
87294356
72489653
69578342
87235694
32564789
35649782
45932678
56843792
79826534
23684597
56497823
76245398
36892475
72386495
69748325
39526784
82759643
87649325
87452396
86473529
54239786
29348675
57893426
69385472
87356924
35648279
97426853
24876935
95387624
93627458
38249765
93842675
82645937
87964325
54378692
24739658
63782594
92736854
69284537
94768532
96234587
49826735
23675984
63745982
98572436
93742685
34596827
47256893
58726943
35287469
68745239
37864925
52389647
52894376
57269843
93875462
92753486
23579846
43872596
47623859
86253749
36972584
79583264
36925478
43528967
29837564
74582396
58927346
83645297
62389457
95283467
86927435
76493852
78359642
54329876
23648579
69842357
26598347
74628395
35972864
46257398
79684325
67398452
86457932
92437865
27436958
47592386
94785362
76538924
53879462
65394827
48962735
72695348
38942567
32795648
79264385
42789356
24659378
36758429
34825976
47956832
89637542
69548723
63784295
35892467
67253948
29876354
56293487
76348295
72438965
28345967
43752896
98673452
47926538
56382974
95327648
65273498
64729853
85972634
25487369
38246795
74259638
69275834
85932476
43279586
75298634
37246598
95248376
59846237
94523786
96874325
82437956
89726453
27983654
38967452
96582347
83679254
85236794
97546328
59387642
35964287
78652493
64387952
29476358
85673249
69782354
78562493
83746952
23569847
46732895
64372859
78456392
39245867
36427958
72689453
67852349
95864327
97852643
45832967
87253964
82547369
62354987
36854279
72598346
82547963
26798453
29563784
58739462
93572846
73289654
54639872
83542967
26387945
42978356
47658932
35496287
29436785
48953726
65483729
83429756
62345978
67293845
43586297
98256374
54936872
24935876
83975426
26534978
75249683
43796825
73295648
42786539
63874925
95478362
62349758
78943562
52938647
62854739
27683954
43962857
62578349
24769583
72345968
36795482
89572634
92846357
74635289
94837265
76439825
27685934
67593248
25378649
87534962
64985372
47326589
78465392
34982567
62537849
57839624
73582694
37584926
57432896
67394285
67932548
83247596
47962853
34259876
89254673
47593862
23849675
75964382
62374859
27896543
95238467
49785632
63278945
79326485
82935764
27635948
68743529
53279648
54397286
56238947
63729845
67283945
39246857
96823457
73562948
24568379
47238956
35789426
56493827
47935268
79652348
64987532
97528463
78396245
75962843
87243596
26395847
65723984
28569374
46532798
46725983
24389756
25793648
32589467
46758329
94837256
86327549
54329768
65834729
97683254
85629374
26549837
92354867
63549728
63485279
83794652
35276984
46528937
97853624
73265498
45962783
92673458
39687254
48357962
59438276
85639472
93826754
46235879
32867495
49573682
23546798
95274368
97258346
74639582
62547389
28956374
29764583
62347598
72869345
97643528
72438659
35874296
46397258
57843296
53497826
64893725
35689472
64375982
85649732
45896237
74592863
83752649
98624375
24975683
45729836
78326954
74238569
42796583
34572968
42863597
36742895
86749325
59627483
74896523
24937685
38527496
34829765
56928473
54297683
24583796
28954673
93546278
47926583
63478259
63294875
24358976
28453679
73268594
24538697
37824596
49723685
58342796
82945736
94382675
45329786
83297456
69482735
52483679
43297865
47698523
94365827
73628459
25647839
52746398
65274398
46297358
39876245
89524376
39825647
68439572
56729384
93274586
67842593
72683594
52967483
74256938
57846923
56892347
84723695
43569287
62493578
23594876
82547936
87924536
96458372
85396274
49782635
23986475
72963584
67385429
98736425
37684529
94658273
43972856
93875264
97238465
92834675
62534879
63527849
53629847
58736492
74526983
52948367
34759682
93475268
59263487
86537294
59273864
49372685
43786529
47398526
59874326
52978634
72395648
68534927
54783692
28435769
96534782
69325784
94267835
38472695
78234596
76439285
35749286
84527936
53968472
97685423
29487563
68549273
87436259
23786549
46923587
78642953
29378546
26543879
57482693
98426573
37592846
37648295
49276583
36598472
67382954
68534297
29876543
98756432
94752683
59372864
73425689
62875493
46783592